-147379
869117
--237648
686021
--435889
606957-632037

-275889
783819573968
--842848
50188-324266
2

5385-959481
4248968
732301

309828
-858375-713452
-519661
7-868982
-93073-3366

61553
-778661
616302
-5685836
62385
101751

4379180254343
--316903
-64721566200
6
682151144098
886570
-770823


90585
-79952-549534
5
478696
65100
667418
--712847
630482
553816
-896806
-403243
26517
-237132
--38510309850
2
318765
502250
-710495-112685
750494

787693
357244
-198556
612580
-445170
-456006-872865
-612183
30873

306155
-8-745008
20759395887

114849
-26195
180015
614569
-970746
752257
-270813
-90680
34856
-366469
624026
-607485
-833403
192794
-52360
-198862
311142
-676740
105220
-84171
-878130
-910010
-419202
706849
384662
-52183
-919819
-373334
135626
-161898
760803
-466396
-447227
884108
-717306
217564
-791863
672362
-491583
-606213
-454374
437445
-636149
924607
345249
-139767
-570884
451003
-927289
-355314
74316
151095
-897227
555874
858516
9-818022
81766
-745464
978130
-966092
-41796
325622
277470
100071
570374
-365069
-986030
830304
982616
-147688
-682888
-536714
--110966-692904

918224
-558246
230509
-173763
-825807
280806
