-900064
-368232
-164855-145879

590793847429
-833379
224596

-57570
-881076
-932614
-933658
-998653
738404660891

372360
457000
-493938-4-638514
66384
-415136

556498
261767-146135

704435
-305342
-553663
828386
-649047
948807
821412
-340947
456339
103651
737026
--853753-823108
-723361
-182317
-358241
9-923299
23861

355171
762338
679155-899671794750


315065-27480

371169
3-41964
56506
-786127
-363997232108

-955657469252

183950
874998
875229
678256
-53139
7-726505
50493
355268
-886009
-20073
341815
902524
412896
-518468
632111
-765539
777963
473795
672876
